1       -23     0.343   Af3.
2       23      0.343   Af4.
3       -54     0.406   F7..
4       -35     0.275   F3..
5       0       0.203   Fz..
6       35      0.275   F4..
7       54      0.406   F8..
8       -72     0.406   Ft7.
9       -60     0.219   Fc3.
10      -42     0.14    Fc1.
11      42      0.14    Fc2.
12      60      0.219   Fc4.
13      72      0.406   Ft8.
14      -90     0.203   C3..
15      0       0       Cz..
16      90      0.203   C4..
17      -120    0.219   Cp3.
18      -138    0.14    Cp1.
19      138     0.14    Cp2.
20      120     0.219   Cp4.
21      -134    0.343   P5..
22      -145    0.275   P3..
23      180     0.181   Pz..
24      145     0.275   P4..
25      134     0.343   P6..
26      -144    0.406   Po7.
27      -157    0.343   Po3.
28      157     0.343   Po4.
29      144     0.406   Po8.
30      -162    0.406   O1..
31      180     0.406   Oz..
32      162     0.406   O2..